1E3, 
1E3, 
1E3, 
1E3, 
1E3, 
1E3, 
1E3, 
1E3, 
1E3, 
1E3, 
1E3, 
1E3, 
1E3, 
1E3, 
1E3, 
1E3, 
1E3, 
1E3, 
1E3, 
1E3, 
1E3, 
1E3, 
6.6E2, 
4.1E2, 
3E2, 
2E2, 
1.6E2, 
1.1E2, 
9.1E1, 
7.6E1, 
6.4E1, 
5.5E1, 
5E1, 
4E1, 
3.6E1, 
3.3E1, 
2.9E1, 
2.5E1, 
2E1, 
1.8E1, 
1.7E1, 
1.6E1, 
1.5E1, 
1.3E1, 
1.2E1, 
1.1E1, 
9.9E0, 
9.4E0, 
8.9E0, 
8.4E0, 
8E0, 
7.6E0, 
7.2E0, 
7E0, 
6.8E0, 
6.6E0, 
6.5E0, 
6.3E0, 
6.2E0, 
6.1E0, 
6E0, 
5.9E0, 
5.8E0, 
5.7E0, 
5.6E0, 
5.5E0, 
5.4E0, 
5.3E0, 
5.3E0, 
5.2E0, 
5.2E0, 
5.1E0, 
5E0, 
5E0, 
4.9E0, 
4.9E0, 
4.8E0, 
4.8E0, 
4.7E0, 
4.7E0, 
4.7E0, 
4.6E0, 
4.6E0, 
4.6E0, 
4.5E0, 
4.5E0, 
4.5E0, 
4.5E0, 
4.4E0, 
4.4E0, 
4.4E0, 
4.4E0, 
4.3E0, 
4.3E0, 
4.3E0, 
4.3E0, 
4.3E0, 
4.2E0, 
4.2E0, 
4.2E0, 
4.2E0, 
4.2E0, 
4.2E0, 
4.1E0, 
4.1E0, 
4.1E0, 
4.1E0, 
4.1E0, 
4.1E0, 
4.1E0, 
4.1E0, 
4.1E0, 
4E0, 
4E0, 
4E0, 
4E0, 
4E0, 
4E0, 
4E0, 
4E0, 
4E0, 
4E0, 
4E0, 
4E0, 
4E0, 
3.9E0, 
3.9E0, 
3.9E0, 
3.9E0, 
3.9E0, 
3.9E0, 
3.9E0, 
3.9E0, 
3.9E0, 
3.9E0, 
3.9E0, 
3.9E0, 
3.9E0, 
3.9E0, 
3.9E0, 
3.9E0, 
3.9E0, 
3.9E0, 
3.9E0, 
3.9E0, 
3.9E0, 
3.9E0, 
3.9E0, 
3.9E0, 
3.9E0, 
3.9E0, 
3.9E0, 
3.9E0, 
3.9E0, 
3.9E0, 
3.9E0, 
3.9E0, 
3.9E0, 
3.9E0, 
3.9E0, 
3.9E0, 
3.9E0, 
3.9E0, 
3.9E0, 
3.9E0, 
3.9E0, 
3.9E0, 
3.9E0, 
3.9E0, 
3.9E0, 
3.9E0, 
3.9E0, 
3.9E0, 
3.9E0, 
3.9E0, 
3.9E0, 
3.9E0, 
3.9E0, 
3.9E0, 
3.9E0, 
3.9E0, 
3.9E0, 
3.9E0, 
3.9E0, 
3.9E0, 
3.9E0, 
3.9E0, 
3.9E0, 
3.9E0, 
3.9E0, 
3.9E0, 
3.9E0, 
3.9E0, 
3.9E0, 
3.9E0, 
3.9E0, 
3.9E0, 
3.9E0, 
3.9E0, 
3.9E0, 
3.9E0, 
3.9E0, 
3.9E0, 
3.9E0, 
3.9E0, 
3.9E0, 
3.9E0, 
3.9E0, 
3.9E0, 
3.9E0, 
3.9E0, 
3.9E0, 
3.9E0, 
3.9E0, 
3.9E0, 
3.9E0, 
3.9E0, 
3.9E0, 
3.9E0, 
3.9E0, 
3.9E0, 
3.9E0, 
3.9E0, 
3.9E0, 
3.9E0, 
3.9E0, 
3.9E0, 
3.9E0, 
3.9E0, 
3.9E0, 
3.9E0, 
3.9E0, 
3.9E0, 
3.9E0, 
3.9E0, 
3.9E0, 
3.9E0, 
3.9E0, 
3.9E0, 
3.9E0, 
3.9E0, 
3.9E0, 
3.9E0, 
3.9E0, 
3.9E0, 
3.9E0, 
3.9E0, 
3.9E0, 
3.9E0, 
3.9E0, 
3.9E0, 
3.9E0, 
3.9E0, 
3.9E0, 
3.9E0, 
3.9E0, 
3.9E0, 
3.9E0, 
3.9E0, 
3.9E0, 
3.9E0, 
3.9E0, 
3.9E0, 
3.9E0, 
3.9E0, 
3.9E0, 
3.9E0, 
3.9E0, 
6.7E0, 
1.2E2, 
1E3, 
1E3, 
1E3, 
1E3, 
1E3, 
1E3, 
1E3, 
1E3, 
1E3, 
1E3, 
1E3, 
1E3, 
1E3, 
1E3, 
1E3, 
1E3, 
1E3, 
1E3, 
1E3, 
1E3, 
1E3, 
1E3, 
1E3, 
1E3, 
1E3, 
1E3, 
1E3, 
1E3, 
1E3, 
1E3, 
1E3, 
1E3, 
1E3, 
1E3, 
1E3, 
1E3, 
1E3, 
1E3, 
1E3, 
1E3, 
1E3, 
1E3, 
1E3, 
1E3, 
1E3, 
1E3, 
1E3, 
1E3, 
1E3, 
1E3, 
1E3, 
1E3, 
1E3, 
1E3, 
1E3, 
1E3, 
1E3, 
1E3, 
1E3, 
1E3, 
1E3, 
1E3, 
1E3, 
1E3, 
1E3, 
1E3, 
1E3, 
1E3, 
1E3, 
1E3, 
1E3, 
1E3, 
1E3, 
1E3, 
1E3, 
1E3, 
1E3, 
1E3, 
1E3, 
1E3, 
1E3, 
1E3, 
1E3, 
1E3, 
1E3, 
1E3, 
1E3, 
1E3, 
1E3, 
1E3, 
1E3, 
1E3, 
1E3, 
1E3, 
1E3, 
1E3, 
3.8E2, 
3.6E2, 
3.4E2, 
3.4E2, 
3.4E2, 
3.4E2, 
3.4E2, 
3.6E2, 
3.4E2, 
3.4E2, 
3.6E2, 
3.4E2, 
3.4E2, 
3.4E2, 
3.4E2, 
3.4E2, 
3.4E2, 
3.4E2, 
3.4E2, 
3.4E2, 
3.4E2, 
3.6E2, 
3.6E2, 
3.4E2, 
3.4E2, 
3.4E2, 
3.4E2, 
3.4E2, 
3.6E2, 
1E3, 
1E3, 
1E3, 
1E3, 
1E3, 
1E3, 
1E3, 
1E3, 
1E3, 
1E3, 
1E3, 
1E3, 
1E3, 
1E3, 
1E3, 
1E3, 
1E3, 
1E3, 
1E3, 
1E3, 
1E3, 
1E3, 
1E3, 
1E3, 
1E3, 
1E3, 
1E3, 
1E3, 
1E3, 
1E3, 
1E3, 
1E3, 
1E3, 
1E3, 
1E3, 
1E3, 
1E3, 
1E3, 
1E3, 
1E3, 
1E3, 
1E3, 
1E3, 
1E3, 
1E3, 
1E3, 
1E3, 
1E3, 
7E2, 
4.5E2, 
3.2E2, 
2.4E2, 
1.7E2, 
1.4E2, 
9.8E1, 
8.2E1, 
6.9E1, 
6.2E1, 
5.2E1, 
4.2E1, 
3.7E1, 
3.5E1, 
3.1E1, 
2.7E1, 
2.2E1, 
1.9E1, 
1.8E1, 
1.7E1, 
1.5E1, 
1.4E1, 
1.2E1, 
1.1E1, 
1E1, 
9.6E0, 
9E0, 
8.5E0, 
8.2E0, 
7.7E0, 
7.1E0, 
6.9E0, 
6.7E0, 
6.6E0, 
6.4E0, 
6.2E0, 
6.1E0, 
5.9E0, 
5.8E0, 
5.7E0, 
5.6E0, 
5.4E0, 
5.3E0, 
5.3E0, 
5.2E0, 
5.1E0, 
5E0, 
4.9E0, 
4.9E0, 
4.8E0, 
4.7E0, 
4.6E0, 
4.6E0, 
4.5E0, 
4.5E0, 
4.4E0, 
4.4E0, 
4.3E0, 
4.3E0, 
4.3E0, 
4.2E0, 
4.2E0, 
4.2E0, 
4.1E0, 
4.1E0, 
4.1E0, 
4E0, 
4E0, 
4E0, 
4E0, 
3.9E0, 
3.9E0, 
3.9E0, 
3.9E0, 
3.9E0, 
3.9E0, 
3.9E0, 
3.9E0, 
3.9E0, 
3.9E0, 
3.9E0, 
3.9E0, 
3.9E0, 
3.9E0, 
3.9E0, 
3.9E0, 
3.8E0, 
3.8E0, 
3.8E0, 
3.8E0, 
3.8E0, 
3.8E0, 
3.8E0, 
3.8E0, 
3.8E0, 
3.8E0, 
3.8E0, 
3.8E0, 
3.8E0, 
3.8E0, 
3.8E0, 
3.8E0, 
3.8E0, 
3.8E0, 
3.8E0, 
3.8E0, 
3.8E0, 
3.8E0, 
3.8E0, 
3.8E0, 
3.9E0, 
4.8E0, 
8.2E0, 
2E2, 
1E3, 
1E3, 
1E3, 
1E3, 
1E3, 
1E3, 
1E3, 
1E3, 
1E3, 
1E3, 
1E3, 
1E3, 
1E3, 
1E3, 
1E3, 
1E3, 
1E3, 
1E3, 
1E3, 
1E3, 
1E3, 
1E3, 
1E3, 
1E3, 
1E3, 
1E3, 
1E3, 
1E3, 
1E3, 
1E3, 
1E3, 
1E3, 
1E3, 
1E3, 
1E3, 
1E3, 
1E3, 
1E3, 
1E3, 
1E3, 
1E3, 
1E3, 
1E3, 
1E3, 
1E3, 
7E2, 
7E2, 
1E3, 
1E3, 
7E2, 
7E2, 
7E2, 
7E2, 
7E2, 
7E2, 
7E2, 
1E3, 
7E2, 
7E2, 
7E2, 
7E2, 
7E2, 
7E2, 
7E2, 
7E2, 
7E2, 
7E2, 
7E2, 
7E2, 
7E2, 
1E3, 
7E2, 
7E2, 
7E2, 
7E2, 
7E2, 
7E2, 
7E2, 
7E2, 
7E2, 
7E2, 
7E2, 
7E2, 
7E2, 
7E2, 
7E2, 
7E2, 
7E2, 
1E3, 
7E2, 
1E3, 
7E2, 
1E3, 
7E2, 
7E2, 
7E2, 
7E2, 
1E3, 
7E2, 
7E2, 
7E2, 
7E2, 
7E2, 
7E2, 
7E2, 
7E2, 
7E2, 
7E2, 
7E2, 
7E2, 
7E2, 
1E3, 
7E2, 
7E2, 
1E3, 
3.6E2, 
3.3E2, 
3.6E2, 
3.6E2, 
3.6E2, 
3.6E2, 
3.6E2, 
3.6E2, 
3.6E2, 
3.3E2, 
3.6E2, 
3.6E2, 
3.6E2, 
3.6E2, 
3.6E2, 
3.6E2, 
3.6E2, 
3.6E2, 
3.6E2, 
3.6E2, 
3.6E2, 
3.6E2, 
3.6E2, 
3.6E2, 
3.6E2, 
3.6E2, 
3.6E2, 
3.6E2, 
3.6E2, 
3.6E2, 
3.6E2, 
3.6E2, 
3.6E2, 
4.3E2, 
1E3, 
1E3, 
1E3, 
1E3, 
1E3, 
1E3, 
1E3, 
1E3, 
1E3, 
1E3, 
1E3, 
1E3, 
1E3, 
1E3, 
1E3, 
1E3, 
1E3, 
1E3, 
1E3, 
1E3, 
1E3, 
1E3, 
1E3, 
1E3, 
1E3, 
1E3, 
1E3, 
1E3, 
1E3, 
1E3, 
1E3, 
1E3, 
1E3, 
1E3, 
1E3, 
1E3, 
1E3, 
1E3, 
1E3, 
1E3, 
1E3, 
1E3, 
1E3, 
1E3, 
1E3, 
1E3, 
1E3, 
1E3, 
1E3, 
1E3, 
1E3, 
1E3, 
1E3, 
1E3, 
1E3, 
1E3, 
1E3, 
1E3, 
1E3, 
1E3, 
1E3, 
1E3, 
1E3, 
1E3, 
1E3, 
1E3, 
1E3, 
1E3, 
1E3, 
1E3, 
1E3, 
1E3, 
1E3, 
1E3, 
1E3, 
1E3, 
1E3, 
1E3, 
1E3, 
1E3, 
1E3, 
1E3, 
1E3, 
1E3, 
1E3, 
1E3, 
1E3, 
1E3, 
1E3, 
1E3, 
1E3, 
1E3, 
1E3, 
1E3, 
1E3, 
1E3, 
1E3, 
1E3, 
1E3, 
1E3, 
1E3, 
1E3, 
1E3, 
1E3, 
1E3, 
1E3, 
1E3, 
1E3, 
1E3, 
1E3, 
1E3, 
1E3, 
1E3, 
1E3, 
1E3, 
1E3, 
1E3, 
1E3, 
1E3, 
1E3, 
1E3, 
1E3, 
1E3, 
1E3, 
1E3, 
1E3, 
1E3, 
1E3, 
1E3, 
1E3, 
1E3, 
1E3, 
1E3, 
1E3, 
1E3, 
1E3, 
1E3, 
1E3, 
1E3, 
1E3, 
1E3, 
1E3, 
1E3, 
1E3, 
1E3, 
1E3, 
1E3, 
1E3, 
1E3, 
1E3, 
1E3, 
1E3, 
1E3, 
1E3, 
1E3, 
1E3, 
1E3, 
1E3, 
1E3, 
5.4E2, 
3.5E2, 
2.9E2, 
1.9E2, 
1.5E2, 
1.1E2, 
9.3E1, 
7.4E1, 
6.3E1, 
5.5E1, 
4.8E1, 
3.9E1, 
3.5E1, 
3.2E1, 
2.9E1, 
2.5E1, 
2E1, 
1.8E1, 
1.7E1, 
1.6E1, 
1.4E1, 
1.3E1, 
1.2E1, 
1E1, 
9.7E0, 
9.4E0, 
8.8E0, 
8.2E0, 
7.8E0, 
7.5E0, 
7E0, 
6.8E0, 
6.6E0, 
6.5E0, 
6.3E0, 
6.1E0, 
6E0, 
5.9E0, 
5.7E0, 
5.6E0, 
5.5E0, 
5.4E0, 
5.3E0, 
5.2E0, 
5.1E0, 
5E0, 
4.9E0, 
4.9E0, 
4.8E0, 
4.7E0, 
4.7E0, 
4.6E0, 
4.6E0, 
4.5E0, 
4.5E0, 
4.4E0, 
4.4E0, 
4.3E0, 
4.3E0, 
4.2E0, 
4.2E0, 
4.2E0, 
4.1E0, 
4.1E0, 
4.1E0, 
4E0, 
4E0, 
4E0, 
4E0, 
4E0, 
3.9E0, 
3.9E0, 
3.9E0, 
3.9E0, 
3.9E0, 
3.9E0, 
3.9E0, 
3.9E0, 
3.9E0, 
3.9E0, 
3.9E0, 
3.9E0, 
3.9E0, 
3.9E0, 
3.8E0, 
3.8E0, 
3.8E0, 
3.8E0, 
3.8E0, 
3.8E0, 
3.8E0, 
3.8E0, 
3.8E0, 
3.8E0, 
3.8E0, 
3.8E0, 
3.8E0, 
3.8E0, 
3.8E0, 
3.8E0, 
3.7E0, 
3.6E0, 
3.5E0, 
3.3E0, 
3E0, 
2.7E0, 
2.4E0, 
1.9E0, 
1.6E0, 
1.2E0, 
9.2E-1, 
5.4E-1, 
1.7E-1, 
3.9E-2, 
4.8E-3, 
2.1E-3, 
1.4E-3, 
1.1E-3, 
1E-3, 
1.4E-4, 
1.2E-4, 
1E-4, 
9E-5, 
8.2E-5, 
7.7E-5, 
6.9E-5, 
6.6E-5, 
6.3E-5, 
6E-5, 
5.8E-5, 
5.5E-5, 
5.3E-5, 
5.1E-5, 
4.8E-5, 
4.6E-5, 
4.5E-5, 
4.3E-5, 
4.1E-5, 
3.9E-5, 
3.9E-5, 
3.8E-5, 
3.7E-5, 
3.7E-5, 
3.6E-5, 
3.5E-5, 
3.4E-5, 
3.4E-5, 
3.3E-5, 
3.3E-5, 
3.2E-5, 
3.2E-5, 
3.1E-5, 
3E-5, 
3E-5, 
3E-5, 
2.9E-5, 
2.9E-5, 
2.8E-5, 
2.8E-5, 
2.7E-5, 
2.7E-5, 
2.6E-5, 
2.6E-5, 
2.6E-5, 
2.5E-5, 
2.5E-5, 
2.5E-5, 
2.6E-5, 
2.5E-5, 
2.5E-5, 
2.4E-5, 
2.4E-5, 
2.3E-5, 
2.3E-5, 
2.3E-5, 
2.2E-5, 
2.2E-5, 
2.1E-5, 
2.1E-5, 
2.1E-5, 
2.1E-5, 
2E-5, 
2E-5, 
2E-5, 
1.9E-5, 
1.9E-5, 
1.9E-5, 
1.9E-5, 
1.9E-5, 
1.9E-5, 
1.8E-5, 
1.8E-5, 
1.8E-5, 
1.8E-5, 
1.8E-5, 
1.8E-5, 
1.8E-5, 
1.7E-5, 
1.7E-5, 
1.7E-5, 
1.7E-5, 
1.7E-5, 
1.7E-5, 
1.7E-5, 
1.7E-5, 
1.6E-5, 
1.6E-5, 
1.6E-5, 
1.6E-5, 
1.6E-5, 
1.6E-5, 
1.6E-5, 
1.6E-5, 
1.5E-5, 
1.5E-5, 
1.5E-5, 
1.5E-5, 
1.5E-5, 
1.5E-5, 
1.5E-5, 
1.5E-5, 
1.5E-5, 
1.5E-5, 
1.4E-5, 
2.6E-5, 
3.7E-5, 
5.4E-5, 
6.9E-5, 
8.6E-5, 
9.8E-5, 
1.1E-4, 
1.3E-4, 
1.4E-4, 
1.5E-4, 
1.7E-4, 
1.8E-4, 
1.1E-3, 
1.3E-3, 
1.4E-3, 
1.5E-3, 
1.6E-3, 
1.7E-3, 
1.8E-3, 
2.1E-3, 
2.1E-3, 
2.1E-3, 
2.2E-3, 
2.2E-3, 
2.4E-3, 
2.5E-3, 
2.5E-3, 
2.6E-3, 
2.7E-3, 
2.7E-3, 
2.8E-3, 
2.9E-3, 
2.9E-3, 
3E-3, 
3.1E-3, 
1E-3, 
3.2E-5, 
2.7E-5, 
2.5E-5, 
2.3E-5, 
2.1E-5, 
2E-5, 
1.9E-5, 
1.8E-5, 
1.7E-5, 
1.7E-5, 
1.6E-5, 
1.6E-5, 
1.6E-5, 
1.5E-5, 
1.5E-5, 
1.5E-5, 
1.4E-5, 
1.4E-5, 
1.4E-5, 
1.4E-5, 
1.3E-5, 
1.3E-5, 
1.3E-5, 
1.3E-5, 
1.3E-5, 
1.2E-5, 
1.2E-5, 
1.2E-5, 
1.2E-5, 
1.2E-5, 
1.2E-5, 
1.2E-5, 
1.2E-5, 
1.1E-5, 
2.5E-5, 
3.6E-5, 
5.5E-5, 
6.8E-5, 
8.2E-5, 
9.1E-5, 
9.8E-5, 
1.1E-4, 
1.2E-4, 
1.4E-4, 
1.5E-4, 
1.6E-4, 
1.7E-4, 
1.1E-3, 
1.1E-3, 
1.3E-3, 
1.4E-3, 
1.5E-3, 
1.5E-3, 
1.6E-3, 
1.7E-3, 
1.8E-3, 
1.9E-3, 
2.1E-3, 
2.1E-3, 
2.1E-3, 
2.2E-3, 
2.2E-3, 
2.4E-3, 
2.4E-3, 
2.5E-3, 
2.5E-3, 
2.6E-3, 
2.7E-3, 
2.7E-3, 
2.7E-3, 
2.8E-3, 
2.9E-3, 
2.9E-3, 
3E-3, 
3E-3, 
1E-3, 
1E-3, 
2.6E-5, 
2.3E-5, 
2E-5, 
1.9E-5, 
1.7E-5, 
1.6E-5, 
1.6E-5, 
1.5E-5, 
1.5E-5, 
1.4E-5, 
1.4E-5, 
1.3E-5, 
1.3E-5, 
1.3E-5, 
1.2E-5, 
1.2E-5, 
1.2E-5, 
1.2E-5, 
1.1E-5, 
1.1E-5, 
1.1E-5, 
1.1E-5, 
1E-5, 
1E-5, 
1E-5, 
1E-5, 
1E-5, 
1E-5, 
1E-5, 
9.9E-6, 
9.8E-6, 
9.8E-6, 
9.7E-6, 
9.6E-6, 
9.5E-6, 
9.5E-6, 
9.4E-6, 
9.3E-6, 
9.2E-6, 
9.2E-6, 
9.1E-6, 
9.1E-6, 
9E-6, 
8.9E-6, 
8.9E-6, 
8.8E-6, 
8.8E-6, 
8.7E-6, 
8.7E-6, 
8.6E-6, 
8.6E-6, 
8.5E-6, 
8.5E-6, 
8.5E-6, 
8.4E-6, 
8.4E-6, 
8.3E-6, 
8.3E-6, 
8.2E-6, 
8.2E-6, 
8.2E-6, 
8.1E-6, 
8.1E-6, 
8.1E-6, 
8E-6, 
8E-6, 
7.9E-6, 
7.9E-6, 
7.9E-6, 
7.8E-6, 
7.8E-6, 
7.8E-6, 
7.8E-6, 
7.7E-6, 
7.7E-6, 
7.7E-6, 
7.6E-6, 
7.6E-6, 
7.6E-6, 
7.5E-6, 
7.5E-6, 
7.5E-6, 
7.4E-6, 
7.4E-6, 
7.4E-6, 
7.4E-6, 
7.3E-6, 
7.3E-6, 
7.3E-6, 
7.3E-6, 
7.2E-6, 
7.2E-6, 
7.3E-6, 
7.2E-6, 
7.2E-6, 
7.1E-6, 
7.1E-6, 
7.1E-6, 
7.1E-6, 
7E-6, 
7E-6, 
7E-6, 
7E-6, 
7E-6, 
6.9E-6, 
6.9E-6, 
6.9E-6, 
6.9E-6, 
6.9E-6, 
1.7E-5, 
2.7E-5, 
3.8E-5, 
5E-5, 
5.8E-5, 
6.3E-5, 
7E-5, 
8E-5, 
8.7E-5, 
9.2E-5, 
9.9E-5, 
1.1E-4, 
1.1E-4, 
1.3E-4, 
1.4E-4, 
1.4E-4, 
1.5E-4, 
1.6E-4, 
1.6E-4, 
1.7E-4, 
1.1E-3, 
1.1E-3, 
1.3E-3, 
1.3E-3, 
1.3E-3, 
1.3E-3, 
1.5E-3, 
1.6E-3, 
1.6E-3, 
1.7E-3, 
1.8E-3, 
1.8E-3, 
1.9E-3, 
1.9E-3, 
2E-3, 
2E-3, 
2.1E-3, 
2.1E-3, 
2.2E-3, 
2.2E-3, 
2.4E-3, 
2.4E-3, 
2.5E-3, 
2.4E-3, 
2.4E-3, 
2.4E-3, 
2.6E-3, 
2.6E-3, 
2.6E-3, 
2.6E-3, 
2.6E-3, 
2.8E-3, 
2.8E-3, 
2.9E-3, 
2.9E-3, 
2.9E-3, 
2.9E-3, 
3E-3, 
1.3E-3, 
1E-3, 
2E-5, 
1.7E-5, 
1.6E-5, 
1.5E-5, 
1.4E-5, 
1.3E-5, 
1.2E-5, 
1.2E-5, 
1.1E-5, 
1E-5, 
1E-5, 
1E-5, 
9.8E-6, 
9.7E-6, 
9.4E-6, 
9.2E-6, 
9.1E-6, 
8.9E-6, 
8.7E-6, 
8.6E-6, 
8.5E-6, 
8.4E-6, 
8.2E-6, 
8.2E-6, 
8E-6, 
7.9E-6, 
7.9E-6, 
7.8E-6, 
7.7E-6, 
7.6E-6, 
7.5E-6, 
7.4E-6, 
7.4E-6, 
7.3E-6, 
7.3E-6, 
7.2E-6, 
7.1E-6, 
7.1E-6, 
7E-6, 
7E-6, 
6.9E-6, 
6.9E-6, 
6.8E-6, 
6.8E-6, 
6.7E-6, 
6.7E-6, 
6.7E-6, 
6.6E-6, 
6.6E-6, 
6.6E-6, 
6.5E-6, 
6.5E-6, 
6.5E-6, 
6.4E-6, 
6.4E-6, 
6.4E-6, 
6.3E-6, 
6.3E-6, 
6.3E-6, 
6.3E-6, 
6.2E-6, 
6.2E-6, 
6.2E-6, 
6.2E-6, 
6.1E-6, 
6.1E-6, 
6.1E-6, 
6.1E-6, 
6E-6, 
6E-6, 
6E-6, 
6E-6, 
6E-6, 
5.9E-6, 
5.9E-6, 
5.9E-6, 
5.9E-6, 
5.9E-6, 
5.8E-6, 
5.8E-6, 
5.8E-6, 
5.8E-6, 
5.8E-6, 
5.8E-6, 
5.7E-6, 
5.7E-6, 
5.7E-6, 
5.7E-6, 
5.7E-6, 
5.7E-6, 
5.6E-6, 
5.6E-6, 
5.6E-6, 
5.6E-6, 
5.6E-6, 
5.6E-6, 
5.6E-6, 
5.5E-6, 
5.5E-6, 
5.5E-6, 
5.5E-6, 
5.5E-6, 
5.5E-6, 
5.5E-6, 
5.4E-6, 
5.4E-6, 
5.4E-6, 
5.4E-6, 
5.4E-6, 
5.4E-6, 
5.4E-6, 
5.4E-6, 
5.4E-6, 
5.3E-6, 
5.3E-6, 
5.3E-6, 
5.3E-6, 
5.3E-6, 
5.3E-6, 
5.3E-6, 
5.3E-6, 
5.3E-6, 
5.2E-6, 
5.2E-6, 
5.2E-6, 
5.2E-6, 
5.2E-6, 
5.2E-6, 
5.2E-6, 
5.1E-6, 
5.1E-6, 
5.1E-6, 
5.1E-6, 
5.1E-6, 
5.1E-6, 
5.1E-6, 
5.1E-6, 
5.1E-6, 
5.1E-6, 
5E-6, 
5E-6, 
5E-6, 
5E-6, 
5E-6, 
5E-6, 
5E-6, 
5E-6, 
5E-6, 
5E-6, 
5E-6, 
4.9E-6, 
4.9E-6, 
4.9E-6, 
4.9E-6, 
4.9E-6, 
4.9E-6, 
4.9E-6, 
4.9E-6, 
4.9E-6, 
4.9E-6, 
4.9E-6, 
4.9E-6, 
4.8E-6, 
4.8E-6, 
4.8E-6, 
4.8E-6, 
4.8E-6, 
4.8E-6, 
4.8E-6, 
4.8E-6, 
4.8E-6, 
4.8E-6, 
4.8E-6, 
4.8E-6, 
4.8E-6, 
4.7E-6, 
4.7E-6, 
4.7E-6, 
4.8E-6, 
4.8E-6, 
4.8E-6, 
5.3E-6, 
6.6E-6, 
6.7E-6, 
6.7E-6, 
6.7E-6, 
6.7E-6, 
6.7E-6, 
6.7E-6, 
6.7E-6, 
6.7E-6, 
6.7E-6, 
6.7E-6, 
6.7E-6, 
6.7E-6, 
6.7E-6, 
6.6E-6, 
6.6E-6, 
6.6E-6, 
6.6E-6, 
6.6E-6, 
6.6E-6, 
7E-6, 
8.5E-6, 
8.7E-6, 
8.8E-6, 
9E-6, 
9.7E-6, 
1.1E-5, 
1.3E-5, 
1.9E-5, 
2.5E-5, 
3.4E-5, 
3.6E-5, 
3.7E-5, 
3.7E-5, 
3.7E-5, 
3.7E-5, 
3.7E-5, 
3.9E-5, 
4.2E-5, 
4.3E-5, 
4.5E-5, 
4.6E-5, 
4.9E-5, 
5.2E-5, 
5.5E-5, 
5.8E-5, 
6E-5, 
6.1E-5, 
6.1E-5, 
6.1E-5, 
6.1E-5, 
6.6E-5, 
7.2E-5, 
7.9E-5, 
1.2E-4, 
1.3E-4, 
1.3E-4, 
1.3E-4, 
1.3E-4, 
1.3E-4, 
1.3E-4, 
1.3E-4, 
1.3E-4, 
1.3E-4, 
1.3E-4, 
1.3E-4, 
1.3E-4, 
1.3E-4, 
1.3E-4, 
1.3E-4, 
1.3E-4, 
1.3E-4, 
1.4E-4, 
1.4E-4, 
1.4E-4, 
1.4E-4, 
1.4E-4, 
1.4E-4, 
1.4E-4, 
1.4E-4, 
1.4E-4, 
1.4E-4, 
1.4E-4, 
1.5E-4, 
1.5E-4, 
1.5E-4, 
1.5E-4, 
1.5E-4, 
1.5E-4, 
1.1E-3, 
1.5E-4, 
1.5E-4, 
1.5E-4, 
1.5E-4, 
1.1E-3, 
1.1E-3, 
1.1E-3, 
1.1E-3, 
1.1E-3, 
1.2E-3, 
1.1E-3, 
1.1E-3, 
1.1E-3, 
1.1E-3, 
1.2E-3, 
1.3E-3, 
1.6E-3, 
1.5E-3, 
1.6E-3, 
1.6E-3, 
1.5E-3, 
1.6E-3, 
1.6E-3, 
1.9E-3, 
1.9E-3, 
2E-3, 
2.1E-3, 
2E-3, 
2E-3, 
2E-3, 
2E-3, 
2.1E-3, 
2.1E-3, 
2.2E-3, 
2.2E-3, 
2.3E-3, 
2.3E-3, 
2.2E-3, 
2.3E-3, 
2.3E-3, 
2.3E-3, 
2.3E-3, 
2.3E-3, 
2.3E-3, 
2.3E-3, 
2.3E-3, 
2.3E-3, 
2.3E-3, 
2.3E-3, 
2.3E-3, 
2.3E-3, 
2.4E-3, 
2.4E-3, 
2.4E-3, 
2.4E-3, 
2.4E-3, 
2.4E-3, 
2.4E-3, 
2.4E-3, 
2.5E-3, 
2.8E-3, 
2.8E-3, 
2.8E-3, 
2.8E-3, 
2.8E-3, 
2.8E-3, 
2.8E-3, 
2.8E-3, 
2.8E-3, 
2.9E-3, 
2.8E-3, 
2.8E-3, 
2.8E-3, 
2.8E-3, 
2.8E-3, 
2.9E-3, 
2.8E-3, 
2.8E-3, 
2.8E-3, 
2.9E-3, 
3.1E-3, 
3.2E-3, 
3.2E-3, 
3.1E-3, 
3.2E-3, 
3.1E-3, 
3.1E-3, 
3.2E-3, 
3.4E-3, 
3.4E-3, 
3.4E-3, 
3.4E-3, 
3.4E-3, 
3.4E-3, 
3.4E-3, 
3.4E-3, 
3.4E-3, 
3.7E-3, 
3.8E-3, 
3.9E-3, 
3.9E-3, 
3.9E-3, 
3.9E-3, 
3.9E-3, 
3.9E-3, 
3.9E-3, 
4.1E-3, 
4.1E-3, 
4.1E-3, 
4.1E-3, 
4.1E-3, 
4.1E-3, 
4.1E-3, 
4.1E-3, 
4.1E-3, 
4.1E-3, 
4.1E-3, 
4.3E-3, 
4.6E-3, 
4.7E-3, 
4.7E-3, 
4.7E-3, 
4.7E-3, 
4.7E-3, 
4.7E-3, 
4.7E-3, 
4.7E-3, 
4.7E-3, 
4.7E-3, 
5E-3, 
5E-3, 
5E-3, 
5E-3, 
4.9E-3, 
5E-3, 
4.9E-3, 
5E-3, 
5E-3, 
5E-3, 
5.3E-3, 
5.3E-3, 
5.5E-3, 
5.4E-3, 
5.4E-3, 
5.5E-3, 
5.5E-3, 
5.5E-3, 
5.6E-3, 
5.6E-3, 
5.6E-3, 
5.6E-3, 
5.7E-3, 
5.7E-3, 
5.7E-3, 
5.7E-3, 
5.7E-3, 
5.7E-3, 
5.7E-3, 
6E-3, 
6.1E-3, 
6.1E-3, 
6.1E-3, 
6.1E-3, 
6.1E-3, 
6.1E-3, 
6.1E-3, 
6.1E-3, 
6.3E-3, 
6.4E-3, 
6.4E-3, 
6.4E-3, 
6.4E-3, 
6.7E-3, 
6.7E-3, 
7E-3, 
7E-3, 
7E-3, 
7E-3, 
7.1E-3, 
7.1E-3, 
7.1E-3, 
7E-3, 
7.1E-3, 
7E-3, 
7.1E-3, 
7E-3, 
7E-3, 
7E-3, 
7E-3, 
7E-3, 
7E-3, 
7E-3, 
7E-3, 
7.3E-3, 
7.4E-3, 
7.4E-3, 
7.4E-3, 
7.4E-3, 
7.5E-3, 
7.4E-3, 
7.5E-3, 
7.7E-3, 
7.8E-3, 
7.8E-3, 
7.9E-3, 
7.8E-3, 
7.9E-3, 
7.8E-3, 
7.8E-3, 
7.9E-3, 
7.9E-3, 
8E-3, 
8E-3, 
8E-3, 
8E-3, 
8.4E-3, 
8.6E-3, 
8.7E-3, 
8.7E-3, 
8.7E-3, 
8.9E-3, 
8.9E-3, 
8.9E-3, 
8.9E-3, 
8.9E-3, 
8.9E-3, 
8.9E-3, 
8.9E-3, 
8.9E-3, 
8.9E-3, 
8.9E-3, 
8.9E-3, 
8.9E-3, 
8.9E-3, 
8.9E-3, 
8.9E-3, 
9E-3, 
8.9E-3, 
8.9E-3, 
8.9E-3, 
8.9E-3, 
8.9E-3, 
8.9E-3, 
8.9E-3, 
8.9E-3, 
8.9E-3, 
8.9E-3, 
8.9E-3, 
8.9E-3, 
8.9E-3, 
8.9E-3, 
8.9E-3, 
8.9E-3, 
8.9E-3, 
8.6E-3, 
8.4E-3, 
8.4E-3, 
8.2E-3, 
8.2E-3, 
8.2E-3, 
8.4E-3, 
8.2E-3, 
8.2E-3, 
8.2E-3, 
8E-3, 
7.9E-3, 
7.9E-3, 
7.9E-3, 
7.9E-3, 
7.7E-3, 
7.4E-3, 
7.3E-3, 
7.2E-3, 
7.2E-3, 
7.2E-3, 
7.2E-3, 
7.2E-3, 
7.2E-3, 
7E-3, 
7E-3, 
7E-3, 
7E-3, 
7E-3, 
7E-3, 
7E-3, 
7E-3, 
7E-3, 
7E-3, 
6.7E-3, 
6.7E-3, 
6.6E-3, 
6.6E-3, 
6.6E-3, 
6.6E-3, 
6.5E-3, 
6.5E-3, 
6.4E-3, 
6.4E-3, 
6.3E-3, 
6.3E-3, 
6.1E-3, 
6.2E-3, 
6.1E-3, 
6.1E-3, 
6E-3, 
5.7E-3, 
5.6E-3, 
5.5E-3, 
5.5E-3, 
5.5E-3, 
5.5E-3, 
5.5E-3, 
5.5E-3, 
5.5E-3, 
5.5E-3, 
5.4E-3, 
5.3E-3, 
5.2E-3, 
5E-3, 
5E-3, 
5E-3, 
4.7E-3, 
4.6E-3, 
4.6E-3, 
4.6E-3, 
4.6E-3, 
4.5E-3, 
4.6E-3, 
4.6E-3, 
4.6E-3, 
4.5E-3, 
4.3E-3, 
4.1E-3, 
4.1E-3, 
4.1E-3, 
4.1E-3, 
4.1E-3, 
4.1E-3, 
4.1E-3, 
3.7E-3, 
3.5E-3, 
3.5E-3, 
3.5E-3, 
3.5E-3, 
3.5E-3, 
3.3E-3, 
3E-3, 
2.9E-3, 
2.9E-3, 
2.9E-3, 
2.9E-3, 
2.9E-3, 
2.9E-3, 
2.9E-3, 
2.9E-3, 
2.8E-3, 
2.6E-3, 
2.4E-3, 
2.4E-3, 
2.4E-3, 
2.4E-3, 
2.4E-3, 
2.4E-3, 
2.4E-3, 
2.4E-3, 
2.4E-3, 
2.4E-3, 
2E-3, 
2E-3, 
1.9E-3, 
1.9E-3, 
2E-3, 
1.9E-3, 
2E-3, 
1.9E-3, 
1.9E-3, 
1.9E-3, 
2E-3, 
2E-3, 
1.7E-3, 
1.6E-3, 
1.5E-3, 
1.5E-3, 
1.6E-3, 
1.5E-3, 
1.5E-3, 
1.5E-3, 
1.5E-3, 
1.5E-3, 
1.5E-3, 
1.5E-3, 
1.5E-3, 
1.5E-3, 
1.3E-3, 
1.3E-3, 
1.3E-3, 
1.3E-3, 
1.1E-3, 
1.3E-3, 
1.2E-3, 
1.3E-3, 
1.3E-3, 
1.4E-4, 
1.3E-4, 
1.3E-4, 
1.3E-4, 
1.3E-4, 
1.3E-4, 
1.3E-4, 
1.3E-4, 
1.3E-4, 
1.3E-4, 
1.3E-4, 
1.1E-4, 
1.1E-4, 
1.1E-4, 
9.9E-5, 
9.7E-5, 
9.7E-5, 
9.7E-5, 
9.7E-5, 
9.7E-5, 
9.7E-5, 
9.7E-5, 
9.7E-5, 
9E-5, 
8.9E-5, 
8.3E-5, 
7.9E-5, 
7.6E-5, 
7.5E-5, 
7.5E-5, 
7.5E-5, 
7.4E-5, 
6.9E-5, 
6.9E-5, 
6.8E-5, 
6.8E-5, 
6.8E-5, 
6.7E-5, 
6.7E-5, 
6.7E-5, 
6.6E-5, 
6.6E-5, 
6.5E-5, 
6.4E-5, 
6.3E-5, 
6.3E-5, 
6.3E-5, 
6.3E-5, 
6.1E-5, 
6.1E-5, 
6E-5, 
5.9E-5, 
5.7E-5, 
5.6E-5, 
5.5E-5, 
5.5E-5, 
5.4E-5, 
5.2E-5, 
5E-5, 
4.8E-5, 
4.6E-5, 
4.1E-5, 
4E-5, 
4.1E-5, 
4.1E-5, 
4.1E-5, 
4.1E-5, 
3.9E-5, 
3.7E-5, 
3.7E-5, 
3.7E-5, 
3.6E-5, 
3.6E-5, 
3.6E-5, 
3.4E-5, 
3.4E-5, 
2.9E-5, 
1.6E-5, 
7.6E-6, 
3.8E-6, 
3.7E-6, 
3.7E-6, 
3.6E-6, 
3.6E-6, 
3.6E-6, 
3.6E-6, 
3.5E-6, 
3.5E-6, 
3.5E-6, 
3.5E-6, 
3.5E-6, 
3.5E-6, 
3.5E-6, 
3.5E-6, 
3.4E-6, 
3.4E-6, 
3.4E-6, 
3.4E-6, 
3.4E-6, 
3.4E-6, 
3.4E-6, 
3.4E-6, 
3.4E-6, 
3.4E-6, 
3.4E-6, 
3.4E-6, 
3.3E-6, 
3.3E-6, 
3.3E-6, 
3.3E-6, 
3.3E-6, 
3.3E-6, 
3.3E-6, 
3.3E-6, 
3.3E-6, 
3.3E-6, 
3.3E-6, 
3.3E-6, 
3.3E-6, 
3.3E-6, 
3.3E-6, 
3.3E-6, 
3.2E-6, 
3.2E-6, 
3.2E-6, 
3.2E-6, 
3.2E-6, 
3.2E-6, 
3.2E-6, 
3.2E-6, 
3.2E-6, 
3.2E-6, 
3.2E-6, 
3.2E-6, 
3.2E-6, 
3.2E-6, 
3.2E-6, 
3.2E-6, 
3.2E-6, 
3.2E-6, 
3.2E-6, 
3.2E-6, 
3.2E-6, 
3.2E-6, 
3.1E-6, 
3.1E-6, 
3.1E-6, 
3.1E-6, 
3.1E-6, 
3.1E-6, 
3.1E-6, 
3.1E-6, 
3.1E-6, 
3.1E-6, 
3.1E-6, 
3.1E-6, 
3.1E-6, 
3.1E-6, 
3.1E-6, 
3.1E-6, 
3.1E-6, 
3.1E-6, 
3.1E-6, 
3.1E-6, 
3.1E-6, 
3.1E-6, 
3.1E-6, 
3.1E-6, 
3.1E-6, 
3.1E-6, 
3.1E-6, 
3.1E-6, 
3.1E-6, 
3.1E-6, 
3.1E-6, 
3E-6, 
3E-6, 
3E-6, 
3E-6, 
3E-6, 
3E-6, 
3E-6, 
3E-6, 
3E-6, 
3E-6, 
3E-6, 
3E-6, 
3E-6, 
3E-6, 
3E-6, 
3E-6, 
3E-6, 
3E-6, 
3E-6, 
3E-6, 
3E-6, 
3E-6, 
3E-6, 
3E-6, 
3E-6, 
3E-6, 
3E-6, 
3E-6, 
3E-6, 
3E-6, 
3E-6, 
3E-6, 
2.9E-6, 
2.9E-6, 
2.9E-6, 
2.9E-6, 
2.9E-6, 
2.9E-6, 
2.9E-6, 
2.9E-6, 
2.9E-6, 
2.9E-6, 
2.9E-6, 
2.9E-6, 
2.9E-6, 
2.9E-6, 
2.9E-6, 
2.9E-6, 
2.9E-6, 
2.9E-6, 
2.9E-6, 
2.9E-6, 
2.9E-6, 
2.9E-6, 
2.9E-6, 
2.9E-6, 
2.9E-6, 
2.9E-6, 
2.9E-6, 
2.9E-6, 
2.9E-6, 
2.9E-6, 
2.9E-6, 
2.9E-6, 
2.9E-6, 
2.9E-6, 
2.9E-6, 
2.9E-6, 
2.9E-6, 
2.9E-6, 
2.9E-6, 
2.9E-6, 
2.9E-6, 
2.9E-6, 
2.9E-6, 
2.9E-6, 
2.9E-6, 
2.9E-6, 
2.9E-6, 
2.9E-6, 
2.8E-6, 
2.8E-6, 
2.8E-6, 
2.8E-6, 
2.8E-6, 
2.8E-6, 
2.8E-6, 
2.8E-6, 
2.8E-6, 
2.8E-6, 
2.8E-6, 
2.8E-6, 
2.8E-6, 
2.8E-6, 
2.8E-6, 
2.8E-6, 
2.8E-6, 
2.8E-6, 
2.8E-6, 
2.8E-6, 
2.8E-6, 
2.8E-6, 
2.8E-6, 
2.8E-6, 
2.8E-6, 
2.8E-6, 
2.8E-6, 
2.8E-6, 
2.8E-6, 
2.8E-6, 
2.8E-6, 
2.8E-6, 
2.8E-6, 
2.8E-6, 
2.8E-6, 
2.8E-6, 
2.8E-6, 
2.8E-6, 
2.8E-6, 
2.8E-6, 
2.8E-6, 
2.8E-6, 
2.8E-6, 
2.8E-6, 
2.8E-6, 
2.8E-6, 
2.8E-6, 
2.8E-6, 
2.8E-6, 
2.8E-6, 
2.8E-6, 
2.8E-6, 
2.8E-6, 
2.8E-6, 
2.8E-6, 
2.8E-6, 
2.8E-6, 
2.8E-6, 
2.7E-6, 
2.7E-6, 
2.7E-6, 
